5 10 5 1000
cpu memory disk language_detection gpu chatbot database image_recognition network bigdata
Slovakia Greece Italy Sweden Bulgaria 
Microsoft 2
Mainz
1841 0.21 10 7 10 16 8 5 0 7 4 3 
1530 696 458 554 441 
Kosice
647 1.53 0 0 0 3 7 0 4 5 5 3 
1539 388 1744 115 619 
Amazon 5
Kosice
1992 1.2 0 0 13 0 0 0 9 0 8 7 
876 1074 1108 653 251 
Taranto
831 0.07 8 7 3 3 0 15 5 0 16 7 
1757 165 610 366 785 
Plauen
321 1.21 0 20 10 7 5 0 0 7 0 10 
1122 809 197 1169 1097 
Mainz
1457 1.03 0 0 6 0 0 0 0 2 3 3 
1023 1823 71 589 424 
Pordenone
14 0.54 16 0 9 9 4 5 0 2 8 4 
216 1775 832 990 1510 
TIM 2
Mainz
84 0.33 9 3 9 0 0 2 14 8 8 0 
952 933 1157 1409 130 
Kosice
1737 1.75 2 0 0 1 7 0 1 0 2 4 
1282 915 65 1479 182 
Google 2
Mainz
1822 0.17 4 0 0 1 9 0 1 9 0 0 
998 169 362 847 1069 
Taranto
132 0.15 17 5 9 5 17 5 9 0 1 0 
507 1388 1229 819 954 
T-System 1
Pordenone
1851 0.32 0 10 0 0 8 4 0 9 5 0 
1026 1375 944 1917 225
